13738292651
19857308981
18257373806
18867667952
13736437035
13575300241
15068396960
13456314867
13567372700
13567399772
18875884595
15825700136
15257099549
18367300546
13511356702
13736469849
18368340602
15858384199
19884358309
15957324978
13586414289
13758078118
18267395531
19818317296
13567358585
19518327037
17816628530
18458379450
15857314948
13736868005
15988354243
13456328314
13738276989
15988334983
18267380748
17858340015
19883395391
15868312631
13819415438
15068323163
18357372101
18767397967
13906833279
15157454490
19884361912
13515835014
15712614898
13586354794
18858374864
19525739458
15824382143
18457381137
18268378596
15157464419
17858810924
18367339771
19883396865
13429412418
19558335519
18458356036
19557315413
17280323739
17858789614
19558306026
13867364192
13867395832
18258330702
15858373349
18257374019
13857300193
19883318849
18458366147
15988311461
15757342097
18367300320
19557352572
13757344898
19518335786
19857309081
13655836045
13567395489
18257375173
15157378732
19518271039
13857386610
17857426610
19883368209
18367638430
15157325920
18368316544
15868349263
15824363700
13625867090
13511297900
19558342606
13736462609
13867392243
18258367470
15857328953
18367330737
13819035155
18767374410
19558355182
18157360626
18358395271
18268485332
19530331410
17280359575
18268304201
18757393107
19558315190
18868354093
15988302498
18368364816
13758326052
19818380045
19857304122
13819370943
18258342827
19884904686
15888322409
15825700030
19817092621
15757374426
19518306357
18257383473
18257327827
19558328610
15868326457
13511307546
19558335330
13957309648
19884376468
15868378132
13758392077
13456336297
15757330647
13819364445
13967356541
15988351472
19558312720
15868347342
15068325952
19884908196
19558339205
15105834536
19857303569
13967327999
18757375732
15857395071
15268313063
18605732265
13505834639
19518326010
15857395545
18867699151
15157351871
19557348965
13586442413
19548064068
19558353175
18367374181
19538710162
19558308336
19818308931
18867698923
18367369037
18324370884
15858331134
18358357669
19558318648
18257335545
19518292347
15257092807
13857323251
13736415647
18358329275
19883302945
19558303415
15257290356
13567314903
13867304156
17280324375
13819357933
19558417966
19535744704
18367370935
13736824364
19884363911
19518331270
18857395077
19817092919
18357319151
13567378415
19844275421
15268367396
17858310502
18367304099
19518333266
18258375242
15988349477
13626733040
19518330883
18368387059
18368333901
18257357060
13758300769
13867304960
15988353908
19558400451
13819032191
13600567956
15157364832
19518337663
15868307221
15968385797
17816624344
18268306502
15757307486
18358387878
17858780249
13750768092
18368324881
19844280402
15068314411
18457393682
15068202359
17260393214
19822838187
19857399259
13736819576
13967300271
18268304805
15706723660
18257370249
15958300149
13736460781
19558337872
19883194370
19557304278
15958376838
19558401855
18268317152
19818321585
18258375402
19817063613
19548092707
19884390647
18857399644
19817737480
19844274017
19548069965
19818347460
15257374290
18767309285
19558430026
13600554345
19817099359
17816417675
18367337362
18768343522
18367327206
19817099783
15167306185
18358370862
19812390656
19518331005
13586315911
18357396519
13606730417
15968361141
15968346752
13758338169
15757370481
19558306423
17816918627
15857384397
15988338170
19558338967
19884901545
19884382948
15990302561
18368369536
15157322201
19557350587
19557358539
15157328692
19524810531
18268340640
19818303702
19558332219
13456332586
13456213813
18357234978
13484173415
17706830525
13750753020
15957364611
15990313768
18268424631
15958358263
13736413448
13732578816
13575338101
18368362310
13666731042
19844162887
18267337026
13157387668
19558345320
18867695829
13567370022
15957348419
18268483326
15958324702
15067308531
18413449645
17280322943
15868370045
18268472428
19518331633
19818304955
13957399076
18768301782
18858364431
18857389984
13736850100
19857358373
13456259545
13819085773
18367349537
15990314305
13736841843
13586311977
15824353946
18368311851
17816406283
18857313094
19857302392
15957374595
13456332835
13456349780
15990334736
15157357702
13586359287
13705839599
13505837626
13575322511
15888356715
13706735110
19558345251
13666770513
13819353401
15857316888
15257287129
15257340332
15906836899
15990377352
17816393633
17858784729
18257337840
18267386543
15024304128
19533584276
19817066090
19558317330
19558328530
13738284396
13456377833
18757364633
13484161586
13867383699
13819049773
15868375540
18757389748
19518309152
18267356372
19857356859
15068381320
13819086022
13511371259
18858347271
13429404505
13819306879
15157356935
13362337422
13967358817
15858300697
15857361683
18357312961
19558305630
15757315625
19557361637
19538702774
13736873711
18357356815
15988354840
15825736469
15157431526
19538005460
15757377423
18367377420
15757312460
15757379486
13736894478
13511301547
15967366487
17858815705
15824365545
18357236524
15824357645
19518285700
18458350341
15157356892
18358359505
18357234741
19558339192
13967310044
19518305007
19558337069
15257371273
13819096689
15157353667
19548062851
19844264215
19817052816
13586469871
15990338889
13736413956
15824386469
19883368022
15958358218
19884900503
15706737124
18358348741
18324353543
18268465925
17858810396
19818371443
15857362206
13575315789
15068349610
18267364639
18357316971
13511341519
18405833759
18258340023
15957377846
18268411640
18767382938
19518313915
13732598921
15757348761
18768341686
15990331109
13511363214
18268395516
15167382579
19558308327
18358320842
18367602430
13511389840
13957396846
19844160816
13586485892
17858789180
19518312661
15990318694
13456327242
13736835329
15990366180
13957321249
19857309069
15868365148
15858318395
19818374452
15968353413
19884919965
15857391157
13625839704
15067366495
13575320083
19558338309
19884375277
17816406228
13758394265
19818301752
13736486586
15967390072
13575317256
15990369646
13867300690
18367371897
19564041869
19538709584
13656605818
18367337927
15988394082
18267382774
15257377816
19857387976
18268335914
18458383372
13616739198
15857308780
18868021164
15958367959
17367322024
13736894225
15706745837
18857302714
18868027116
13456365036
18358396708
19817097191
15268327060
13511382240
15968320178
15757305746
13586331510
18258392545
13655837779
13957365591
19518326963
15257280247
13456327104
19857302535
15857362320
15990327728
18867696013
18357355166
17816921282
15857399703
19818331720
18367376844
18358304798
15968320459
18367363017
19557332520
13732590473
13567396451
15268365157
18368383956
18358360672
18368355723
13456300607
13511365366
18757360456
19518316587
17805837964
17858300061
18368345875
19518313263
19884391217
19857386276
19518277552
19518325233
13819355493
19548075475
18868376453
13758385638
13957318266
19884381944
15888318872
17858828371
18858313942
13484198996
15990325226
19818311520
13736469625
19884396040
13867370825
13819366138
19558353569
15024365483
19557311249
17816412081
13511357165
18358380481
13625737531
19844261626
15157328779
15669383325
13511359191
15268322428
13456277485
15988394271
18757388789
18806734149
13957390438
18857334113
19539233319
18267364547
15157413094
13736403573
15024365159
18857313374
19883368972
15868318716
13484107651
18868330270
13586300039
19883321075
15958380636
18457309166
15990369883
18767394084
18257354823
18868042107
17816385024
13666746897
13615838542
18357304790
15268368160
19525737389
13857329480
13511334303
13819319083
18857374960
15990388912
15990352380
13511392631
13511372209
15068219594
15257309137
13819319035
13857347425
13738269665
18357200741
15268312247
13706590511
13758365042
15257360081
18367374632
13486320279
18358318883
15858332420
13736819840
17858306890
15957362157
19518293093
15706727614
13355835565
15706740679
13506834401
18858365474
13757321865
13511297281
19558336805
15958354709
15958354823
18268328081
13967313337
13819021443
18067029655
13586473741
18267353770
18458394063
18358370436
19557349702
15967323899
13736426416
18305836899
13456215009
18757365435
18257364274
19857388120
15157325572
13511292300
13819024489
13666762950
19524809060
13456363806
15957309478
15757373643
13625869369
19884387165
15957364091
13819044719
15968312389
18258374490
13736870116
15825711486
18358384020
13456329843
13586455030
19564001960
19844160122
15157326169
19558316564
15858378473
17280353455
13736857148
19557324925
15957321640
19558328750
15824310322
19558309689
13957343324
18258302766
13967336368
18324313589
13957396791
15958306705
18368323338
18257342231
15824374350
15857396809
18357201605
19883345248
19884305289
19883184731
19857305679
13819353496
15205833955
18268404311
13656611061
13645838313
13575314978
18857320883
19558338773
18367349539
15857356277
17816927527
19558313701
13732579710
19558301730
17816395116
13606832079
19548053860
19814776919
18358376581
15757382981
15067349469
18358344160
18858346205
18358380575
13819365367
13586428027
19518331191
15958380885
19817063252
13819315210
13967320854
18357217282
19557310689
13819363937
18267308463
15757307690
15067364556
19884395370
15824320522
18357377581
15824374532
19857399136
15157313262
19818376373
19557355380
15957384663
15824382061
19558315200
18258379345
19558347150
19557363265
15957313251
15990366907
13429411227
18767326043
15068343606
13819352774
13586458477
15958328362
19558332805
15858386715
15857396066
13586455572
15967376853
18757382740
18268396774
15968398617
19558443072
19532857606
18357388875
17816928030
15824341253
18358399620
15005736553
18268304016
18268376034
15968315346
18368370870
18868021869
18458380475
13575303549
19548092361
19558357037
15868324218
13511300022
13516734335
15958300473
13757349391
19557349505
19817057290
19883301527
17816500054
18767350742
15257287207
18367364180
13905835316
15988370478
15157460056
15858343616
15990357838
13511310804
15157432879
18858300232
18757363540
19818354038
18268450348
15957384167
13586362850
13456206474
18257330142
19818313710
13967338842
13757392263
17858343428
13857341709
15857304073
15988361468
13645836506
13567303318
18358316735
17816388161
17858308535
13033678691
13758398987
15757307451
18875884069
19558315603
13575321931
13819340477
18368305409
18368335925
17816916825
15268340349
13586322850
18368367820
15868332925
18768306320
13819366092
13456233261
13575306548
19518335787
15858385599
19857383351
13511302638
13736497432
19548082920
18757328873
13819320268
18757362945
17858797446
18324386407
18324365410
13511285109
15706738064
13586419345
13957312437
19817070832
18367326260
17816930468
18367380237
13586303616
18767331472
13758358168
15068371260
13750796734
13484194981
18858316009
19857352560
19557362710
19884368266
18367399594
18358346342
15868345247
19818308436
13456346355
19817075332
19818356466
13567397847
15957377742
15858361219
17858813720
18258371554
15858365640
15257284290
15990341405
18367618194
15858383492
15824317931
18857322231
19558356796
13732563826
13736405686
18268414636
13626733183
13511354405
18268450148
15257096462
19883392520
15957328542
18357315675
15857378753
18367346799
19557312535
18357393008
15988381555
18367380382
19884398239
13750751127
19558300882
19538706427
15958354556
13732583794
18458361336
15167376757
18368398973
18368351456
18367331975
19558301612
13429437315
15957305864
18413432642
19548088245
13819028075
19557357015
15757338058
19844147189
18324371036
17816403785
18268343672
18257399249
13758357170
19558330582
13967337269
15990397591
13819397089
13174732789
18368378332
19564031535
19817052560
13758366246
13085618808
19817052057
17816918359
15024361712
13758302668
15268300632
13819328051
13819411012
13758066864
13456316061
18268378826
18458357353
19884903461
15157352539
18367367153
19883393320
13586451656
17816624637
15757357413
19564056656
17857368243
15167388246
18257393541
19518331106
15067309186
18405833017
15957384776
13736821064
15268340495
18368368702
15706733984
19884339316
13575323232
15824382485
15167366764
18357354015
19518327125
19857383572
18705836955
13511368188
18367615323
18368355264
15757880571
15356628710
18358336189
18757310246
13758361711
13586310807
18367320431
18457373895
15967365948
15858323933
18358314172
13626764829
15990313609
15157358656
13967360036
13750792569
18857375418
18367332127
18367345650
15757385161
18357202714
13456356382
19818304743
15268335685
19884398839
13586491599
19558327082
15858369583
18324348836
13819065519
13575327935
13516837490
18357321915
18767354689
18458380438
15805835435
13626767397
18368377625
18367637460
17858818372
18268488657
13819076069
15068218934
17816628717
15968340405
18367356379
18324309246
19884383675
18257300499
15857344302
13484169733
15068388896
15167351292
18367304279
18268387232
18458371607
19817079837
15857325806
19884325580
17816417853
18324352505
15858356425
13586326652
13429433671
13575307245
19817739521
15167367944
13615832242
19558313615
15825738654
13429402243
13625732156
18367393767
15888380554
17280839340
19818315221
17816502863
15968338447
19557342590
18305834808
13806713781
15958381221
18257336914
18358329042
18868390801
19557352160
19518273512
13857300365
19884350833
15157373687
13819348742
18458384983
19817734191
18268480353
18368357629
13586388761
13758376516
15967377666
13857362243
18267344084
15968319847
19518292940
13732597325
18368342380
19518335369
15067383345
15067343406
13732578512
17816401539
19857347377
19518335521
18268326803
13736864028
18267327591
19884915466
18268364256
18324304158
18757361477
13736865492
13586461762
13429418946
19558312962
15257283305
13757318832
15857331731
13957309439
19530332125
19557334353
18357371039
19883340840
15268314143
15157358205
15868331310
15824357423
17858332242
18267355929
13957388717
13819393486
13586410473
19518336867
13819355429
13758325609
18367364128
17816928051
15967351402
13957333748
19558336052
19538712160
15967306281
13857368472
18368317589
15868344582
15067311740
13758339894
13567303820
15888375897
15988393468
15068387201
19844137072
15268339839
15988395481
13586310420
19518270630
13906734570
18368321892
19538708629
15868307896
18367365301
19818371428
15958397853
15712614355
19557392710
13429441400
18858349083
15990341386
15957324622
19533583757
18324369796
15557350318
13666774657
15990358627
13567330723
13867374075
13586458793
18767307336
13819332952
18258311007
19817059112
18357312831
13736802647
13429421613
13957312496
19857309097
15824380723
13456320564
15824334940
13484134008
18358306144
15024367366
19518333866
17857423032
13486317033
13656835063
13586335622
18358315970
18357325056
18457325324
19822839553
18267379643
15857393607
13757345841
18268490283
18868355634
15268326070
13456234277
13819069918
18368358201
19822831272
17681573599
13252321806
19818311292
13586403578
15757336297
13806717600
15905834420
15005734314
15967341783
15868374186
17816401577
15868394331
19844147625
13456368961
17805830428
17816501982
15967372945
18324316645
15257316874
15757374104
15825717485
13819312870
15967390426
15825738741
13486313457
19558403945
13819087383
19524802970
13957346703
19518306803
18268450747
15957332389
18358324825
15167308630
19857357579
18367305334
13736862563
13857398278
15988387877
13586414353
15868399132
15005839073
15888369327
15968327941
18257334807
18767381627
18268463600
15067366983
15957371941
17867834075
15967384458
19884374998
19817065276
15957360078
13819026427
15888309995
15824340693
19558339761
19518335366
15868379140
13511308561
19818375769
15858353826
15857393965
19857304919
19818315927
15268364476
13819023213
19518332009
17280320597
13516733143
19844162005
17858811550
15824393545
13857302834
15958394149
18324346484
19518330572
13758376115
15958313170
13957367824
19558301175
13819063720
19817065917
13957377858
18368352404
13857396852
13456236239
13606833765
15957380345
18705837526
19844282100
19558334245
13706731753
18858352802
18368360693
15988302182
19558352026
18268466769
13706583296
13666774026
19818373730
13586442849
19817057873
18768305415
15888392097
13615832456
13429418086
18458369943
19518327079
13586455831
15757383540
18868362081
13586480609
13567370899
15858398792
13505834371
13806739317
13736831747
15968323892
13738274826
18757387842
15968316871
18358310043
19817094496
15068382306
18358326436
18324310263
15957354335
18367397430
19558305502
19883341840
15167309495
19557373046
18257388478
17816502311
18367336766
18868041293
15858378243
18806835944
19558305186
15712614359
13511368560
19857367212
19558312576
18357313379
15757330401
13736885556
19884360081
15957328077
19518279259
18458387438
18457341589
15067361591
19817053129
18324339809
19884363699
19817063395
13625835783
19558315630
19558312371
19818302931
18757372921
18357370353
19558407047
13656733731
15024334680
15024371787
13967315072
15958330421
19818358626
19558335110
19884386087
19558343312
15990389927
13758399910
13456263344
18257387041
13429440993
15857378983
18258324749
13575322847
13819352162
13736401510
13656604628
18805830434
19818310536
18457364565
13757366315
18357371892
17260394037
15858308962
19883304280
18367382561
13736445800
13356030800
13586409825
13819356520
19557309643
13736476872
15857327257
19857352202
19857385807
13456379797
15167304251
18458350246
19548083203
19558327635
17280831141
19558351367
13586394474
19883196305
13511291044
13736428060
19518283879
17348686633
13736856856
13967360489
18875880409
18367332523
15858379098
19557362572
18867653645
13615730360
19557308403
18767393530
15268362545
18705835830
19857302845
18357205410
15157406479
13586444473
15868349119
15024372869
18258374475
13736454385
19558353216
18358308195
19518331033
13456385117
18368362020
13456229450
18457375883
13867338035
13736806919
13456233080
18267358714
19818317696
13819414767
18324367549
18268406351
13738254720
18368394143
13705835347
18268370654
18875873480
18367301408
19518315817
13586436180
19518277805
18867651048
18757366292
15967366765
15990304419
18267384050
15757357427
18757379549
13456227777
13750779899
19558335186
15757387827
15857390316
18757315108
13957347953
15757354208
13586308613
15990383848
13484131953
19518308231
15726923928
19817058302
15105837687
15757381275
18258335451
18268464650
13736496503
13484183284
18368346919
15825702975
15157437559
19884901942
18268373423
19817078167
13967381482
13666731405
18875888142
18357364171
13586490126
13750734115
18367367823
15990399450
15068381572
19844271971
18357382644
19548063475
18767384891
19558434166
13456398105
18257390955
19884908416
18867689130
18368378126
15157414620
19558353095
18367632347
17816927790
13456328427
18457327794
18358311891
15858374392
13575354836
18868334134
13586416149
18324335235
19817076112
13586454403
15068209795
19884362272
15257286229
13511399347
15990346992
15167378397
15157467822
19558304110
13758338924
15757322976
15958332420
13567345969
15268343686
18268357560
13732585794
13505737825
15355227165
13819359495
15157352697
18757382721
18367341873
17888235844
13586327902
15857370051
19884345742
15858329865
15857339156
13251938559
13456243025
19534211707
19844171867
19558333683
13456200857
15257304931
13906733462
13456346883
13857318517
18805833371
13586316183
18367304859
18205739265
15990375071
13957310413
19518335767
15105837044
19822837639
15988354038
13625732387
13706833044
13484171334
13705737923
18367301747
18258389236
18868389464
13706595922
13615737845
13906735106
19558312807
18324339886
19844170213
13758329840
15757394497
15990367058
18868031914
13819349334
15824304692
18368382573
18367331602
13819361397
18267360855
15968373426
15068332628
19564041352
19817069426
18457382870
18367602170
18858376171
19817062893
19884379540
15990376841
13656736863
19558427853
15906731112
18858348871
18268353723
19884360665
13506730181
13819397456
13586478441
15726934220
18357228899
15157438809
19822830732
18257382399
13819336498
18268335230
15857338472
13819399481
15726927843
15824384272
15257343877
15024307546
19884909493
18368375243
13511372048
18367606269
19822839267
13857335565
18367361833
13967349156
18767300536
18358326965
18324377587
18258341141
19558345093
18868364743
15757393648
19817071952
13456390192
13819345870
13736400620
15105733820
19857309770
15157328776
13758358539
18367342903
18268490697
18857325373
18258303244
13750785163
13456209969
19558315232
13957391478
19883312321
15268309606
15958364833
19558315609
19558439059
19817057425
15968340409
19883359162
13606838839
19525733780
15157434556
13575335578
13957320459
18767349455
19518288169
13615835269
18257384700
15868375694
18324377945
18368367471
17857034165
13655731002
15268364838
18458378416
18858309092
17280321864
17816934055
17816927039
15990301263
15858374387
19518336566
13067666012
19558333586
19818353971
18368309023
18367623653
13656834959
19883359147
19817073891
18268306537
13511363061
19817076595
19818355476
15257354991
15757394213
18267308691
15957358455
18257385768
18358388707
13736450578
19558312535
19884914966
19857367030
13511376015
15712600048
17816407513
19844287119
15990371329
13757358136
17260395467
19558309599
13819360358
17888234396
13456341916
19518305362
15988347656
18858349177
15957357435
19844263625
15958324302
15858393903
19538701379
13456352216
13586459165
18368381249
13750761675
18267381419
13736416486
15888344329
19518275562
19884321648
18267398709
19518335195
15268338388
13957333344
13506838277
13456365571
19558306117
13750751689
15157356086
18858343206
13705831668
15988367163
13516831840
18368391724
15858345091
13516834048
18458388459
15157415390
15888320184
15157329556
15067348176
13456211192
17867834918
19844144940
13505737778
18267302931
15968350499
15990394278
15167304855
18868377324
13758338607
18768312573
15268335341
13567368886
18767307910
15990376295
13736483818
19844179345
19557323024
13867385133
18458383293
19525833982
18368380476
13757388384
18357211934
18324327947
15858363255
18257333489
19883382410
15167341587
19857357282
19818305903
17816507819
19518307201
15268366094
15888345990
13957315118
19844170104
15958348277
19818335737
19857380390
13429441347
15157455774
15257293446
15669332256
13456324155
15990363189
15958363563
13484157348
18324316438
13957361374
19844283282
19817061853
19558339201
19558322863
15024341233
13957385237
18267319956
17816916307
19558355052
13736869082
15967369426
19884386403
18868045426
18357224689
13511391788
18858348791
15157434632
19548064649
15858343357
18457309601
19558333286
15157345926
13957328496
13567374237
18268311302
19557362129
13625832713
19564002766
15868396135
18858347940
18258392841
18367338381
15757897146
18858304405
19884914296
13456327919
13706591412
18857315838
18858376479
15257362969
13486345342
15157467537
19844283201
18405837696
18267337351
18858353851
15868393907
15967321783
13600551721
18268411429
18257305484
15268307336
13506834605
13867359737
19884312392
19557301483
13511347387
13736805750
19530337290
15157305454
19883190416
15706725824
17260393344
18367358513
13957373110
15906739814
19818372933
15868376029
15957324248
19884384996
18257383940
19518336880
13626738229
19557355580
13567392243
18268392971
15825734117
13486327707
15257322901
19518330899
15824330811
18324337901
19548089493
18368349823
13736420597
13758305023
18257393342
13511345904
15858337421
18258309040
13736880507
13456311819
19558352997
18157302131
17816912732
15167325994
13819353743
17857034807
18858353527
15868318593
18267308479
18367345429
18868354254
15958370339
18358329640
15958373346
19822833152
18357371846
19884375990
18768345141
15990314481
19817079753
13967310884
15167302865
13567371507
17858783439
19844134645
13750785887
19558333929
19884398349
19818354668
18458381040
17280340242
13867309031
18368365083
15825734015
18367363927
19558315377
15957306105
13819407605
18258344495
13857302417
18257350142
19857387016
18858345774
19818379637
18767305320
19818330859
18768327617
15990350962
18458368747
15257303792
19818324643
13586340464
18324377034
13819072198
15757338725
13736415940
19518333660
18757330083
18458355062
13967378541
19548076369
18368399124
19884912317
13456321498
15757312132
18368399395
19557350892
13706591655
15824391459
13606832129
18767306329
13957327400
18267344284
15858384153
13456233919
13736403863
19557376468
19558401513
18757325791
13867370041
18367618204
15967347213
19884900307
18357201022
13706583311
13484163193
13750752409
15167369439
13586413767
18858324945
18458375436
18267372345
15958304615
17858310753
15825749710
19818309169
19884386170
15958351903
13567319653
13586339641
18868376376
13575353564
18768346100
19817089075
15167341642
19818347456
19518310357
13575333457
18257330477
13967323806
15824331766
18267367181
15757889248
19844178314
19817096931
13905737450
15706725754
19518330866
13806706220
13586306193
15167358073
13857329675
19548053687
18858314043
15257349972
19844158519
19558339271
18368374152
19558357087
19548078273
19524804614
18367361739
18767336219
15268337153
13757397509
18768314845
19530335690
18268392124
15157425408
18267300409
19518291964
13806710744
19883187216
15712635586
18805835077
19518291181
15157352669
19817078626
13806712108
18367325000
13757343545
18357377289
15268331075
15868323942
13586442383
13666727618
19884372881
18268304974
15825739033
15967390293
19564009926
13456348166
13706734931
13732593126
13806731345
13586353102
19805837473
19817092056
18867696466
13736827786
18767356421
13095616697
13758369469
18267373149
19857384657
13575317472
15988344871
19857351736
18767319679
19557351065
15205834926
15825705674
19817079046
18367640617
19857306408
13511301753
19818325041
15757345645
18358359756
18768347512
13605732846
13819050848
15958333842
18358351347
13750771218
19557372486
13819403647
15868347235
18806734045
19538008695
13957339972
17816915482
19557312735
13819033099
19557320993
18324396091
13456375501
19558430190
15968328893
18258350742
19558305979
15712623342
19817069305
15858378820
19518291576
13819315499
13819364853
13600550901
13706585339
18258327777
13819085805
18268312926
13819375678
15868358745
19548092691
18868035294
18268305961
18367377541
13511371554
18857385944
15824344939
13586418805
18324394352
15824361849
19818315261
19518326722
19558302685
19884914209
15857338164
19548083085
13511392696
15888393081
19558333386
18257373422
18868321372
18858351979
18367379942
18324314097
19884908950
18267309167
18268398544
13586344927
13736490041
19558312837
15958322436
13967340924
18268396182
19558401846
15857393886
19558441855
15988367190
15257354937
15167320425
15824375149
19957329167
18868392851
15824300743
13857366338
15167387346
19558325181
15988394509
19557356339
13967339599
13586385346
19818312723
18324316575
15825705476
15858346280
13857314821
15990310796
17816401937
13505735056
19533585929
18757300817
13732587054
15757314349
18258361064
18324386143
13867345935
19857312331
15957363482
15958342760
13586431623
18305834711
13516833220
19518288874
15757394208
17816913917
13819353910
18258343920
18257331401
19884373802
13706738367
15968370004
18357315903
19557356911
13586308188
18358321467
15957383846
18358329970
19883188761
15825716302
19884382418
18267375423
19558305165
18868307637
15068208919
15888314042
13586436794
19818359805
18757367350
15957350330
18858304452
13736833548
17816500134
18368382612
18768310956
13819340742
18267345457
13666797079
17867837295
15257349489
15157353682
13511387342
19557351682
15157358513
18367620314
15888310855
15888385426
15967397143
15157312495
13456318787
18368304537
19557313252
19558319141
15888366697
19558316160
13586489419
18767379713
15988387542
18268459412
18867659794
19558315381
18367396856
19818377947
18413440472
19884398202
13736850486
15857365594
18268367594
13806700085
18858301527
18858302276
18357245494
15068385216
15990377759
18257344089
19558346332
19558337191
13656738325
15157410698
18458394998
18868346970
15858374427
15988386028
18367351910
19818324740
13567360679
18457313776
15858347915
13758302821
15958381772
15888328590
17858328471
15888362074
19558355096
19518315786
15857392621
18868022915
18857324717
15757354085
18258375555
18767302931
19883398170
17816932667
18457398196
13484117981
15068323076
19557366740
15958383069
19818307481
13867346922
13867380432
18805834942
15024365725
15712636431
18367390498
13867322581
15957309700
18267389042
15968326466
13586404338
19883347605
18867661345
13567370088
13857347865
13666750458
13511350936
18367635138
19857303819
13857341033
15957376470
19538006257
15757354152
13567387250
15268309570
13567322254
18368379820
13736869382
19884359305
15968324502
19518285330
19857334720
15257299356
18768344927
19558357891
15157309135
15857362791
15068216634
15825749492
15268369096
18368376101
18875873162
15868327458
13819091861
19518323575
13867364456
13586436506
18367363619
13615836809
15726930942
13819060046
19857300541
19557358156
13429418760
15958317769
18258359368
18868395857
18367617736
13506837741
15757364389
19558301865
15167327428
18367642510
15968354106
15205838045
17816624146
18368317931
19558447970
18357305891
19884322496
15824370989
15068371232
18367638867
13456379051
15988309996
19884907642
18268395089
19518335673
13706733916
18267336787
18258334972
18357360679
13736869681
17816926760
13758060194
18805830447
19822832801
19518308302
18757380362
15967321820
18257305004
13857326961
19817083307
13706736927
19857382695
19548086132
15967326290
18768338460
19518308544
18268480322
18367607437
15857308974
17816914375
13819379909
13957316288
18858300383
18257349453
18267392109
13505830336
15167316493
15858383735
13905831152
18324360131
18858361951
13511291584
13758317154
15957364102
13484111970
18268490884
19538008327
15958341677
18868329425
13575339845
18267335319
19518311975
15888364396
13516734293
15757336048
18368314397
15857397650
13738263512
19818310961
15988321857
15157469172
19857380759
18458375141
19558429715
13957330140
18457383565
19558346326
18357334969
18267353813
17816418149
18368369701
18457380799
15858368407
13857373812
18858355687
19558326151
18458388482
15157393646
19884371291
13511290468
13456251565
13867381885
15858363487
13758301476
18368399556
15957304928
13456321476
15868320903
13905839633
13484118670
13957338714
18368357659
15068343367
13750745315
15868333450
19857382739
13736831678
17815735504
17858815636
13567376480
19558313216
15988330396
15868347751
18268484430
19558301362
13456281212
17867833810
18458381840
19884393529
18457379467
18367339251
19883302693
19518310861
19883349757
18257329423
18258364215
15868350971
15868335585
17205830262
13957362020
18868376749
18358309320
15712629489
19557346260
15868374237
18368390049
15157439347
13666749093
15824376496
19558336939
18806838984
15868391069
18268317002
19557392877
19557310891
15888309632
13511375981
13757325669
15067312418
19818314647
18357317371
13456374050
13819378474
19557334389
13736890678
15068379456
13456271295
15157434480
18357211449
18757387519
19530331623
19817076320
19857386816
19558424631
15706740886
19844154127
15888366931
19884900645
13750787923
13736856099
13616835610
15805738094
18868340353
18257384315
13736479930
19884368019
13666777643
17867837256
18257339467
18358376219
19548094171
15257098482
15957312687
13586461148
19818306848
18268404529
17816405387
13906730857
13666721726
18258391470
19564012167
18358398760
17280838748
13456318871
19558300175
18324308121
13957332746
15824369160
18357203754
13738266028
19818332459
13586314008
13736489591
17816519121
13605735080
19818311635
17805835752
17858824525
13706596412
19857305646
15067302171
19883320569
15757328465
18367324783
15268340839
18367332440
15857376195
15712603478
19548053560
13484109791
19884361282
13656628842
15858343989
18367363350
18267365752
19518310561
19857309183
18257334521
18757319292
15868321076
19822837850
18858355527
18257364721
19884371756
19518303931
18367330180
19558358037
19564061167
18757364985
13666725963
13757346401
15958302372
15888325401
13706837718
17858811660
15906836013
15068393615
18267353975
18268367425
13606838500
15868392549
15157384360
19818309803
18358311789
18268453865
19525834808
17858813506
18858346960
18258394958
13819368915
13819313246
13511296121
19817075400
17816414417
15712622340
17858309040
18767338139
18458373706
17816501967
18868027792
19548092920
18367332595
19857385685
13456271655
17857039676
18767335895
15958363182
19818321039
13511295779
15958369023
17280324162
19822835483
19818348432
15958346126
13757306636
17816392801
15957312988
18324385427
13757322240
13736449180
13967383436
19538000413
19857369127
15068371705
18768348547
13957312287
13957354137
18367377840
13819046153
15968314857
19557349126
19817064955
15888305200
18324332039
13957359124
19548056559
13819402024
15757374241
15868391860
17816502396
19557365965
13819379993
18267390870
18268424169
19857301942
18358316153
17858812905
19558327609
15967383054
19518336900
19518332900
19558308925
13819038429
13758350678
18367335832
13757356009
18868354214
13757346245
15257379409
19818310180
15757367453
13857343446
13516834739
13511342053
13758355434
17280838452
15067323128
15167382940
15888374600
15824380784
13706738855
15968394476
15167311458
19525735132
13819078193
13736800125
18268327635
18868355573
15167356846
15157439450
19518307913
13732592553
18258394757
18368373843
18324331099
13616739170
15257361249
18324341214
19558431980
18257310442
15868315698
18757389586
19518315709
17805834976
15958389827
13606838392
15067344148
18357222553
15381208717
15024362050
19558335152
18368372812
13706588740
19857359097
17858437449
13705735056
13758383026
15067341252
19557312470
15757379293
18868351844
19884398403
13750793895
13511355265
13867354263
15268332827
15967367703
18357332042
18457386556
19884360261
15868314015
17858790106
19558407065
17280355201
18367304558
19884907499
13575321349
15868340195
18767383780
18267350553
13511399913
19558338116
15868321575
18267360539
15990349667
13666749199
13819351611
19817081895
18768306209
13736485749
13586420520
13736469741
18357310060
18268468869
19558337109
13511297190
18757366466
13586363240
15757394538
13516830939
17816923515
15257334346
18457354283
19817733418
13736457051
15957378997
13867305586
19518286816
15868333495
18367310812
19558305131
18368307971
18768337897
19844147362
15858318236
15968341249
17280359537
18258313090
19817093696
19818373846
19548094058
19818303707
19844278611
15268359648
15957390070
18457378179
18267373120
19857382810
13758307098
15858381997
15888393527
19557357289
15988341483
19518309852
19818322430
15957323479
13456349660
19818339597
19884901146
13819364505
13819086859
18458355275
13567397920
13905831731
17280322414
17816395809
19548053275
13456297165
17280837455
13757317090
15968334889
18367300747
13758364905
18358355118
13511284392
17816396631
18368358607
19884917248
13819364493
18868374857
13586334632
13505831738
18875883491
18257337846
18268490480
18858333916
13736861817
15990385693
19818359036
19558356061
15858368843
13757343648
19844140725
15757366549
19518302146
15167387334
18368311779
13586420860
13666795746
18357348645
15957361047
19548067679
18368355296
18358303140
18757354887
18457392072
15726921136
17816408229
13484156176
19558430076
18858320963
19557351867
18324376752
13819360988
13819307528
15268352460
13867360535
18458353422
13738266076
18858326860
18367390246
19817071795
18324314553
13586337201
19857388523
15858354290
18767385390
18367608496
13567366301
13645832138
19857344719
19558336906
15968352793
19883319811
13625863057
19817080640
19525830260
19818358362
15967302128
19844264095
13757337720
13867358822
13511397102
19884912949
15268302716
19524808429
19518333885
13736855251
13967347300
13806725536
13736870634
13757317607
15167314548
15157398747
18868387904
19884340956
18368356948
15757314261
19884900415
13750787426
15257373203
18868349192
13486348209
18857375429
19558353017
19557337648
18357222575
13736864009
19884379462
15157463023
13758312811
13706597718
18767306116
19548054200
13511349340
19558430141
15157464332
13819331842
19558422735
13456319429
15967323926
19884319980
13456257946
19884370143
15167346845
15990372905
18858314245
15988370489
18757383587
13819362306
18267384171
15257094903
15355205650
19518331727
15705837933
18368377487
13867334856
13586366557
15888361455
18767303803
15958303442
18413435417
19518309523
13819065248
18268366594
19558446113
13645738286
17815736477
13656739362
19883363495
15167356587
18257394727
13736475844
18357218106
19812396005
18458359249
19557350156
17816626861
19857309317
18268395513
17816412373
13819025319
15958380301
19857302679
17816928081
15706714553
13819344240
18768302602
18705835545
19558338337
18268424018
15968387825
19558341597
19817736850
13819334681
18767379069
13857345442
15857329873
19532852730
18757373909
19548056372
19548068189
19884382689
19564044657
17816409761
18357337666
18357377626
18267355246
13957389290
13456272649
13732581887
13586448648
13967364688
15157370989
13736440286
13511283314
19558357605
19518333799
15825739247
19557343582
15067371198
15757331461
19558300604
19818357206
18367611831
18767398409
19558351959
13957304681
18367627605
13757344858
13575328929
19884398157
18458374581
19558408260
18268313373
13750763579
18357371871
18367397267
18267340866
19518309102
13957357849
13757347420
15757880419
19822839189
13857307967
18858323075
13806715146
18367324791
15988352474
18868313446
18368304342
15868367045
13511378973
19558333536
18367326680
18358369602
13736401413
15757350287
15268353341
13732568782
13506834449
18324394375
15157428863
13586450831
13736480465
13586473314
19884353543
17280350937
19884360715
15757354173
15857336947
19822838165
19857305439
18868325775
19518333105
13456353735
13567397492
13586483889
18368358759
19518303196
15888393818
15157351956
19558357309
15068317117
13575321468
19844267101
19817098267
13758374554
15757307140
13819408724
18768349740
19558425763
18858300472
15757364543
19557358732
15968332432
15888316072
13484138023
18767310129
13706838472
18457399269
13819370548
15988344930
19558313189
15868392312
18358344087
19883308129
15888391172
19558313607
13758061643
18858343502
13516733889
13967391533
17858300504
13456208708
15858324851
18768345663
13511319317
17858323997
19818360405
15757884016
19857358962
18368310249
13567331479
19884914558
18767337939
13867382963
15990361549
15858325868
18258370442
18257336406
19525838617
17805833428
18358379732
18458350408
13625835208
15757896693
13511321869
13967394726
13967370653
19557356903
19524790408
19818334198
13738275636
18867691983
19818374273
18458379247
17888234547
15868303234
15990383460
19884359056
13758096523
13484183270
15858358041
19518331536
13486337147
15712636348
19822831086
18267341159
18267322412
19518310217
15205838636
15757309439
18875870604
18357329276
13388637143
13646737266
19818310357
13506738865
13505737730
18857383086
13484175745
18868340267
17858816183
13484119902
13857352945
13738296625
13606832185
19884354116
19857320468
17858304234
13511284934
17816395671
15958303098
19817084057
15990349854
15857329759
19844168625
18268395624
15257283303
15157358236
13484190934
13575354150
19883352107
19818351305
18867657697
15888399210
18367625477
18757385600
15857323727
19518270950
15888365646
18368372305
15824341418
13586489925
15068398834
13738255411
15157353925
13586396474
15990321457
18768345438
18258370204
13456309667
19817078310
13758387746
18858325723
15757353481
17260393243
18867671875
13758344610
15257397449
17816401857
18268481209
13967398380
15706737994
17816399373
15967382443
18257386432
19558301517
18257332820
18767385532
15967314776
19558306256
17816386543
13732568960
15868357289
15990328414
19857302749
13656627187
18768321492
19884389633
17858828219
19817084823
13819080441
15824374571
13736817777
13626735998
18757385831
15105835497
13750784937
19818351180
13736809672
13706597113
15888338626
19884354380
19857302901
17858824966
15157357229
18368368611
15157317736
19558436160
13666756983
18358328245
18757375675
15068327256
15757352882
18357312632
15726920427
19844266535
13736458170
19844156458
13819063278
19558304002
18867651556
13819090033
13758095556
18768343253
17816413145
13967337085
19818304416
13456387482
19884913343
13456312983
13758320174
15105837605
15824328949
18257371462
19518281685
15958389410
19844275429
18267380041
18257334286
18267310451
18268451643
19557351459
19884329495
15990351287
15967331888
15990339101
19557304096
15888376318
13586424677
15868358953
15268328157
13867340172
15068201916
15967382780
18868376324
19818372632
18268374173
15988354471
13738295845
17858313320
13511378072
18324365433
15705830746
18268464833
19818371790
18868370133
18368356193
13736892935
13819305052
18268499348
18358310033
18324373408
13738296202
18875892674
19818311031
19818344091
18367396453
19844262389
18257364387
19518283960
15824380545
13758337440
15988313429
19814772867
15757894180
19844161351
13819095294
13586478796
13819326881
18367644812
18257388340
18868344585
15067308590
19518292539
17816396807
19818344287
19857388589
18368312407
13957369440
18368361951
18357372825
13732590250
18258324129
15857363105
18457312597
18268469416
18368333668
15157326067
18357313087
18868351599
15857398072
19818336537
19857381692
18268363882
15957303843
15157444575
15868370321
15024304246
13486339352
13806723854
15068341702
19558346252
19557379248
18358356507
15857371711
18757385888
19557307547
19844134834
15824343063
13626730578
13511337917
18757384198
18868025782
13456315579
13867328492
18867679152
15157302248
15157323686
13867384657
17857360436
13586494258
19518275086
15257304263
15967393859
15706743062
15858364078
19818331031
17867834067
19558300963
18757327225
18868353435
19857327498
15757309046
13511349991
19857302848
15268335647
18257375079
19884306385
18367601514
13738298803
15167342465
15167389010
15157324253
13736866941
15868380994
13857393526
18324328941
15967334962
15257370742
13456273121
13857345669
18767300649
18868025512
19817060283
13819054516
18357241247
19558312713
19884912742
13819055331
13484182651
15967384457
19818312271
13515833274
13906839563
15957315419
15967391920
15157450323
18357312589
13567305879
18367369346
19558434001
19518319386
18357368425
18367608278
19822834243
13511391567
15757350242
